Διαγωνιζόμενος_01
2
9
7
5
10
Διαγωνιζόμενος_02
10
9
10
8
5
Διαγωνιζόμενος_03
6
3
5
2
3
Διαγωνιζόμενος_04
4
10
6
5
6
Διαγωνιζόμενος_05
3
8
10
8
7
Διαγωνιζόμενος_06
4
7
2
2
6
Διαγωνιζόμενος_07
-1
1
6
4
5
qwe
5
Διαγωνιζόμενος_08
10
9
2
3
3
Διαγωνιζόμενος_09
2
asd
2
10
11
10
5
Διαγωνιζόμενος_10
8
10
8
1
8
Διαγωνιζόμενος_11
7
3
8
8
3
Διαγωνιζόμενος_12
3
8
1
9
6
Διαγωνιζόμενος_13
1
7
3
5
6
Διαγωνιζόμενος_14
10
0
10
5
2
zxc
2
Διαγωνιζόμενος_15
7
10
7
6
8
Διαγωνιζόμενος_16
1
8
10
3
2
Διαγωνιζόμενος_17
4
10
6
10
1
Διαγωνιζόμενος_18
3
7
3
3
4
Διαγωνιζόμενος_19
5
6
5
8
3
Διαγωνιζόμενος_20
10
5
9
3
8
Διαγωνιζόμενος_21
10
4
2
7
8
Διαγωνιζόμενος_22
8
4
10
4
6
Διαγωνιζόμενος_23
1
9
3
5
1
Διαγωνιζόμενος_24
3
10
6
3
2
Διαγωνιζόμενος_25
7
9
9
10
5
Διαγωνιζόμενος_26
7
2
8
2
6
Διαγωνιζόμενος_27
10
4
9
1
1
Διαγωνιζόμενος_28
2
6
10
8
4
Διαγωνιζόμενος_29
9
8
4
5
4
Διαγωνιζόμενος_30
9
4
10
1
4
ΤΕΛΟΣ
